0 0
1 -0.001155343
2 -0.0023106859
3 -0.0034660289
4 -0.0046213718
5 -0.0057767148
6 -0.0069320577
7 -0.0080874007
8 -0.0092427436
9 -0.010398087
10 -0.01155343
11 -0.012708772
12 -0.013864115
13 -0.015019458
14 -0.016174801
15 -0.018476698
16 -0.020918946
17 -0.023361194
18 -0.025803442
19 -0.02824569
20 -0.030687938
21 -0.033130186
22 -0.035572434
23 -0.038014682
24 -0.04045693
25 -0.042899178
26 -0.045341426
27 -0.047783674
28 -0.050225923
29 -0.052668171
30 -0.055110419
31 -0.057552667
32 -0.059994915
33 -0.062437163
34 -0.064879411
35 -0.083755142
36 -0.10288941
37 -0.12202368
38 -0.14115794
39 -0.16029221
40 -0.17067809
41 -0.18034263
42 -0.19000716
43 -0.1996717
44 -0.20933624
45 -0.21900077
46 -0.22866531
47 -0.23832985
48 -0.24799438
49 -0.25765892
50 -0.35237921
51 -0.36837694
52 -0.38437467
53 -0.4003724
54 -0.41637014
55 -0.42250356
56 -0.42575344
57 -0.42900333
58 -0.43225321
59 -0.4355031
60 -0.43875298
61 -0.44200287
62 -0.44525275
63 -0.44850264
64 -0.45175252
65 -0.45171046
66 -0.45090913
67 -0.45010779
68 -0.44930645
69 -0.44850511
70 -0.44770378
71 -0.44690244
72 -0.4461011
73 -0.44529976
74 -0.44449843
75 -0.44369709
76 -0.44289575
77 -0.44209441
78 -0.44129308
79 -0.44049174
80 -0.4396904
81 -0.43888906
82 -0.43808773
83 -0.43728639
84 -0.43648505
85 -0.42906183
86 -0.4214353
87 -0.41380877
88 -0.40618224
89 -0.39855571
90 -0.39092919
91 -0.38330266
92 -0.37567613
93 -0.3680496
94 -0.36042307
95 -0.35279654
96 -0.34517002
97 -0.33754349
98 -0.32991696
99 -0.32156221
100 -0.31007305
101 -0.29858389
102 -0.28709472
103 -0.27560556
104 -0.2641164
105 -0.25262723
106 -0.24113807
107 -0.22964891
108 -0.21815974
109 -0.20512119
110 -0.18946072
111 -0.17380026
112 -0.15813979
113 -0.14247932
114 -0.12681886
115 -0.11115839
116 -0.095497927
117 -0.079837461
118 -0.064176996
119 -0.04851653
120 -0.032856064
121 -0.017195599
122 -0.0015351331
123 0.014125333
124 0.029785798
125 0.045446264
126 0.06110673
127 0.076767195
128 0.092427661
129 0.1371348
130 0.18833335
131 0.2395319
132 0.29073045
133 0.3387031
134 0.35520193
135 0.37170075
136 0.38819958
137 0.40469841
138 0.42119724
139 0.43769607
140 0.4541949
141 0.47069373
142 0.48719256
143 0.50533017
144 0.52688819
145 0.5484462
146 0.57000421
147 0.59156223
148 0.61312024
149 0.63467825
150 0.65623627
151 0.67779428
152 0.69935229
153 0.71584308
154 0.72899668
155 0.74215027
156 0.75530387
157 0.76845746
158 0.78161106
159 0.79476465
160 0.80791825
161 0.82107184
162 0.83422544
163 0.84737903
164 0.86053263
165 0.87368622
166 0.88683982
167 0.89999341
168 0.91465209
169 0.92947557
170 0.94429904
171 0.95912251
172 0.97394599
173 0.98876946
174 1.0035929
175 1.0184164
176 1.0332399
177 1.0486496
178 1.0685157
179 1.0883817
180 1.1082478
181 1.1281139
182 1.14798
183 1.167846
184 1.1877121
185 1.2075782
186 1.2274442
187 1.2466708
188 1.2648504
189 1.2830301
190 1.3012098
191 1.3193895
192 1.3375692
193 1.3557489
194 1.3739286
195 1.3921082
196 1.4102879
197 1.4337828
198 1.4604502
199 1.4871177
200 1.5137851
201 1.5404526
202 1.5564477
203 1.5696013
204 1.5827548
205 1.5959084
206 1.609062
207 1.6222156
208 1.6353692
209 1.6485228
210 1.6616764
211 1.67483
212 1.6879836
213 1.7011372
214 1.7142908
215 1.7274444
216 1.7417889
217 1.7684564
218 1.7951238
219 1.8217913
220 1.8484587
221 1.8706115
222 1.8793387
223 1.8880658
224 1.896793
225 1.9055201
226 1.9142472
227 1.9229744
228 1.9317015
229 1.9404287
230 1.9491558
231 1.957883
232 1.9666101
233 1.9753373
234 1.9840644
235 1.9927916
236 2.0036699
237 2.0168235
238 2.0299771
239 2.0431307
240 2.0562843
241 2.0694379
242 2.0825914
243 2.095745
244 2.1088986
245 2.1220522
246 2.1306681
247 2.1371964
248 2.1437247
249 2.150253
250 2.1567813
251 2.1633096
252 2.1698379
253 2.1763662
254 2.1828944
255 2.1894227
256 2.195951
257 2.2024793
258 2.2090076
259 2.2155359
260 2.2220642
261 2.2434331
262 2.2666886
263 2.2899442
264 2.3131997
265 2.3360467
266 2.3475359
267 2.3590251
268 2.3705142
269 2.3820034
270 2.3934926
271 2.4049817
272 2.4164709
273 2.42796
274 2.4394492
275 2.4498587
276 2.456387
277 2.4629153
278 2.4694436
279 2.4759719
280 2.4825002
281 2.4890285
282 2.4955568
283 2.5020851
284 2.5086134
285 2.5151417
286 2.52167
287 2.5281983
288 2.5347265
289 2.5412548
290 2.5481289
291 2.5554807
292 2.5628324
293 2.5701842
294 2.5775359
295 2.5848877
296 2.5922394
297 2.5995912
298 2.6069429
299 2.6142946
300 2.6216464
301 2.6289981
302 2.6363499
303 2.6437016
304 2.6510534
305 2.6584051
306 2.6657569
307 2.6731086
308 2.6804604
309 2.6878121
310 2.6945828
311 2.7011111
312 2.7076393
313 2.7141676
314 2.7206959
315 2.7272242
316 2.7337525
317 2.7402808
318 2.7468091
319 2.7533374
320 2.7598657
321 2.766394
322 2.7729223
323 2.7794506
324 2.7859789
325 2.7925072
326 2.7990355
327 2.8055637
328 2.812092
329 2.8186203
330 2.8251486
331 2.8316769
332 2.8382052
333 2.8447335
334 2.8512618
335 2.8577901
336 2.8643184
337 2.8708467
338 2.877375
339 2.8839033
340 2.8904316
341 2.8969598
342 2.9034881
343 2.9100164
344 2.9165447
345 2.923073
346 2.9296013
347 2.9361296
348 2.9426579
349 2.9491862
350 2.9557145
351 2.9622428
352 2.9687711
353 2.9752994
354 2.9818277
355 2.988356
356 2.9948842
357 3.0014125
358 3.0079408
359 3.0144691
360 3.0209974
361 3.0275257
362 3.034054
363 3.0405823
364 3.0471106
365 3.0536389
366 3.0601672
367 3.0666955
368 3.0732238
369 3.0797521
370 3.0862803
371 3.0928086
372 3.0993369
373 3.1058652
374 3.111543
375 3.1166106
376 3.1216783
377 3.126746
378 3.1318137
379 3.1368813
380 3.141949
381 3.1470167
382 3.1520843
383 3.157152
384 3.1622197
385 3.1672874
386 3.172355
387 3.1774227
388 3.1824904
389 3.187558
390 3.1926257
391 3.1976934
392 3.2027611
393 3.2078287
394 3.2128964
395 3.2179641
396 3.2230318
397 3.2280994
398 3.2331671
399 3.2382348
400 3.2433024
401 3.2483701
402 3.2534378
403 3.2585055
404 3.2635731
405 3.2686408
406 3.2737085
407 3.2787761
408 3.2838438
409 3.2889115
410 3.2939792
411 3.2990468
412 3.3041145
413 3.3091822
414 3.3142498
415 3.3193175
416 3.3243852
417 3.3294529
418 3.3343382
419 3.3379495
420 3.3415607
421 3.345172
422 3.3487833
423 3.3523945
424 3.3560058
425 3.359617
426 3.3632283
427 3.3668395
428 3.3704508
429 3.374062
430 3.3776733
431 3.3812845
432 3.3848958
433 3.388507
434 3.3921183
435 3.3957296
436 3.3993408
437 3.4029521
438 3.4065633
439 3.4101746
440 3.4137858
441 3.4173971
442 3.4210083
443 3.4246196
444 3.4282308
445 3.4318421
446 3.4354533
447 3.4390646
448 3.4426759
449 3.4462871
450 3.4498984
451 3.4535096
452 3.4571209
453 3.4607321
454 3.4643434
455 3.4679546
456 3.4715659
457 3.4751771
458 3.4787884
459 3.4823996
460 3.4860109
461 3.4896222
462 3.4932334
463 3.4962023
464 3.4987499
465 3.5012975
466 3.5038451
467 3.5063927
468 3.5089403
469 3.5114879
470 3.5140355
471 3.5165831
472 3.5191307
473 3.5216783
474 3.5242259
475 3.5267735
476 3.5293211
477 3.5318687
478 3.5344163
479 3.5369639
480 3.5395115
481 3.5420591
482 3.5446067
483 3.5471543
484 3.5497019
485 3.5522495
486 3.5547971
487 3.5573447
488 3.5598923
489 3.5624399
490 3.5649875
491 3.5675351
492 3.5700827
493 3.5726303
494 3.5751779
495 3.5777255
496 3.5802731
497 3.5828208
498 3.5853684
499 3.587916
500 3.5904636
501 3.5930112
502 3.5955588
503 3.5981064
504 3.600654
505 3.6032016
506 3.6057492
507 3.6082968
508 3.6108444
509 3.613392
510 3.6159396
511 3.6184872
512 3.6210348
513 3.6235824
514 3.62613
515 3.6286776
516 3.6312252
517 3.6337728
518 3.6363204
519 3.638868
520 3.6414156
521 3.6439632
522 3.6465108
523 3.6490584
524 3.651606
525 3.6541536
526 3.6567012
527 3.6592488
528 3.6617964
529 3.664344
530 3.6668916
531 3.6694392
532 3.6718797
533 3.6740387
534 3.6761977
535 3.6783567
536 3.6805158
537 3.6826748
538 3.6848338
539 3.6869928
540 3.6891518
541 3.6913109
542 3.6934699
543 3.6956289
544 3.6977879
545 3.699947
546 3.702106
547 3.704265
548 3.706424
549 3.708583
550 3.7107421
551 3.7129011
552 3.7150601
553 3.7172191
554 3.7193781
555 3.7215372
556 3.7236962
557 3.7258552
558 3.7280142
559 3.7301732
560 3.7323323
561 3.7344913
562 3.7366503
563 3.7388093
564 3.7409683
565 3.7431274
566 3.7452864
567 3.7474454
568 3.7496044
569 3.7517635
570 3.7539225
571 3.7560815
572 3.7582405
573 3.7603995
574 3.7625586
575 3.7647176
576 3.7668766
577 3.7690356
578 3.7711946
579 3.7733537
580 3.7755127
581 3.7776717
582 3.7798307
583 3.7819897
584 3.7841488
585 3.7863078
586 3.7884668
587 3.7906258
588 3.7927849
589 3.7949439
590 3.7971029
591 3.7992619
592 3.8014209
593 3.80358
594 3.805739
595 3.807898
596 3.810057
597 3.812216
598 3.8143751
599 3.8165341
600 3.8186931
601 3.8208521
602 3.8230111
603 3.8251702
604 3.8273292
605 3.8294882
606 3.8316472
607 3.8338062
608 3.8359653
609 3.8381243
610 3.8402833
611 3.8424423
612 3.8446014
613 3.8467604
614 3.8489194
615 3.8510784
616 3.8532374
617 3.8553965
618 3.8575555
619 3.8597145
620 3.8618735
621 3.863953
622 3.865356
623 3.866759
624 3.868162
625 3.8695649
626 3.8709679
627 3.8723709
628 3.8737739
629 3.8751769
630 3.8765799
631 3.8779829
632 3.8793859
633 3.8807889
634 3.8821919
635 3.8835948
636 3.8849978
637 3.8864008
638 3.8878038
639 3.8892068
640 3.8906098
641 3.8920128
642 3.8934158
643 3.8948188
644 3.8962217
645 3.8976247
646 3.8990277
647 3.9004307
648 3.9018337
649 3.9032367
650 3.9046397
651 3.9060427
652 3.9074457
653 3.9088487
654 3.9102516
655 3.9116546
656 3.9130576
657 3.9144606
658 3.9158636
659 3.9172666
660 3.9186696
661 3.9200726
662 3.9214756
663 3.9228785
664 3.9242815
665 3.9256845
666 3.9270875
667 3.9284905
668 3.9298935
669 3.9312965
670 3.9326995
671 3.9341025
672 3.9355055
673 3.9369084
674 3.9383114
675 3.9397144
676 3.9411174
677 3.9425204
678 3.9439234
679 3.9453264
680 3.9467294
681 3.9481324
682 3.9495353
683 3.9509383
684 3.9523413
685 3.9537443
686 3.9551473
687 3.9565503
688 3.9579533
689 3.9593563
690 3.9607593
691 3.9621623
692 3.9635652
693 3.9649682
694 3.9663712
695 3.9677742
696 3.9691772
697 3.9705802
698 3.9719832
699 3.9733862
700 3.9747892
701 3.9761922
702 3.9775951
703 3.9789981
704 3.9804011
705 3.9818041
706 3.9832071
707 3.9846101
708 3.9860131
709 3.9874161
710 3.9888191
711 3.990222
712 3.991625
713 3.993028
714 3.994431
715 3.995834
716 3.997237
717 3.99864
718 4.000043
719 4.001446
720 4.002849
721 4.0042519
722 4.0056549
723 4.0070579
724 4.0084609
725 4.0098639
726 4.0112669
727 4.0126699
728 4.0140729
729 4.0154759
730 4.0168788
731 4.0182818
732 4.0196848
733 4.0210878
734 4.0224908
735 4.0238712
736 4.024991
737 4.0261108
738 4.0272305
739 4.0283503
740 4.0294701
741 4.0305898
742 4.0317096
743 4.0328294
744 4.0339492
745 4.0350689
746 4.0361887
747 4.0373085
748 4.0384282
749 4.039548
750 4.0406678
751 4.0417875
752 4.0429073
753 4.0440271
754 4.0451469
755 4.0462666
756 4.0473864
757 4.0485062
758 4.0496259
759 4.0507457
760 4.0518655
761 4.0529852
762 4.054105
763 4.0552248
764 4.0563446
765 4.0574643
766 4.0585841
767 4.0597039
768 4.0608236
769 4.0619434
770 4.0630632
771 4.0641829
772 4.0653027
773 4.0664225
774 4.0675423
775 4.068662
776 4.0697818
777 4.0709016
778 4.0720213
779 4.0731411
780 4.0742609
781 4.0753806
782 4.0765004
783 4.0776202
784 4.0787399
785 4.0798597
786 4.0809795
787 4.0820993
788 4.083219
789 4.0843388
790 4.0854586
791 4.0865783
792 4.0876981
793 4.0888179
794 4.0899376
795 4.0910574
796 4.0921772
797 4.093297
798 4.0944167
799 4.0955365
800 4.0966563
801 4.097776
802 4.0988958
803 4.1000156
804 4.1011353
805 4.1022551
806 4.1033749
807 4.1044947
808 4.1056144
809 4.1067342
810 4.107854
811 4.1089737
812 4.1100935
813 4.1112133
814 4.112333
815 4.1134528
816 4.1145726
817 4.1156923
818 4.1168121
819 4.1179319
820 4.1190517
821 4.1201714
822 4.1212912
823 4.122411
824 4.1235307
825 4.1246505
826 4.1257703
827 4.12689
828 4.1280098
829 4.1291296
830 4.1302494
831 4.1313691
832 4.1324889
833 4.1336087
834 4.1347284
835 4.1358482
836 4.136968
837 4.1380877
838 4.1392075
839 4.1403273
840 4.1414471
841 4.1425668
842 4.1436866
843 4.1448064
844 4.1459261
845 4.1470459
846 4.1481657
847 4.1492854
848 4.1504052
849 4.1515193
850 4.1523832
851 4.1532472
852 4.1541111
853 4.154975
854 4.1558389
855 4.1567028
856 4.1575668
857 4.1584307
858 4.1592946
859 4.1601585
860 4.1610224
861 4.1618864
862 4.1627503
863 4.1636142
864 4.1644781
865 4.165342
866 4.166206
867 4.1670699
868 4.1679338
869 4.1687977
870 4.1696616
871 4.1705256
872 4.1713895
873 4.1722534
874 4.1731173
875 4.1739812
876 4.1748452
877 4.1757091
878 4.176573
879 4.1774369
880 4.1783008
881 4.1791647
882 4.1800287
883 4.1808926
884 4.1817565
885 4.1826204
886 4.1834843
887 4.1843483
888 4.1852122
889 4.1860761
890 4.18694
891 4.1878039
892 4.1886679
893 4.1895318
894 4.1903957
895 4.1912596
896 4.1921235
897 4.1929875
898 4.1938514
899 4.1947153
900 4.1955792
901 4.1964431
902 4.1973071
903 4.198171
904 4.1990349
905 4.1998988
906 4.2007627
907 4.2016267
908 4.2024906
909 4.2033545
910 4.2042184
911 4.2050823
912 4.2059463
913 4.2068102
914 4.2076741
915 4.208538
916 4.2094019
917 4.2102658
918 4.2111298
919 4.2119937
920 4.2128576
921 4.2137215
922 4.2145854
923 4.2154494
924 4.2163133
925 4.2171772
926 4.2180411
927 4.218905
928 4.219769
929 4.2206329
930 4.2214968
931 4.2223607
932 4.2232246
933 4.2240886
934 4.2249525
935 4.2258164
936 4.2266803
937 4.2275442
938 4.2284082
939 4.2292721
940 4.230136
941 4.2309999
942 4.2318638
943 4.2327278
944 4.2335917
945 4.2344556
946 4.2353195
947 4.2361834
948 4.2370473
949 4.2379113
950 4.2387752
951 4.2396391
952 4.240503
953 4.2413669
954 4.2422309
955 4.2430948
956 4.2439587
957 4.2448226
958 4.2456865
959 4.2465505
960 4.2474144
961 4.2482783
962 4.2491422
963 4.2500061
964 4.2508701
965 4.251734
966 4.2525979
967 4.2534618
968 4.2543257
969 4.2551897
970 4.2560536
971 4.2569175
972 4.2577814
973 4.2586453
974 4.2595093
975 4.2603732
976 4.2612371
977 4.262101
978 4.2629504
979 4.2635484
980 4.2641464
981 4.2647444
982 4.2653424
983 4.2659404
984 4.2665384
985 4.2671364
986 4.2677344
987 4.2683324
988 4.2689304
989 4.2695284
990 4.2701264
991 4.2707244
992 4.2713224
993 4.2719204
994 4.2725184
995 4.2731164
996 4.2737144
997 4.2743124
998 4.2749104
999 4.2755084
1000 4.2761064
1001 4.2767044
1002 4.2773024
1003 4.2779004
1004 4.2784984
1005 4.2790964
1006 4.2796944
1007 4.2802924
1008 4.2808904
1009 4.2814884
1010 4.2820864
1011 4.2826844
1012 4.2832824
1013 4.2838804
1014 4.2844784
1015 4.2850764
1016 4.2856744
1017 4.2862724
1018 4.2868704
1019 4.2874684
1020 4.2880664
1021 4.2886644
1022 4.2892624
1023 4.2898604
1024 4.2904584
1025 4.2910564
1026 4.2916544
1027 4.2922524
1028 4.2928504
1029 4.2934484
1030 4.2940464
1031 4.2946444
1032 4.2952424
1033 4.2958404
1034 4.2964384
1035 4.2970364
1036 4.2976344
1037 4.2982324
1038 4.2988304
1039 4.2994284
1040 4.3000264
1041 4.3006244
1042 4.3012224
1043 4.3018204
1044 4.3024184
1045 4.3030164
1046 4.3036144
1047 4.3042124
1048 4.3048104
1049 4.3054084
1050 4.3060064
1051 4.3066044
1052 4.3072024
1053 4.3078004
1054 4.3083984
1055 4.3089964
1056 4.3095944
1057 4.3101924
1058 4.3108008
1059 4.3114145
1060 4.3120281
1061 4.3126418
1062 4.3132554
1063 4.313869
1064 4.3144827
1065 4.3150963
1066 4.31571
1067 4.3163236
1068 4.3169372
1069 4.3175509
1070 4.3181645
1071 4.3187781
1072 4.3193918
1073 4.3200054
1074 4.3206191
1075 4.3212327
1076 4.3218463
1077 4.32246
1078 4.3230736
1079 4.3236873
1080 4.3243009
1081 4.3249145
1082 4.3255282
1083 4.3261418
1084 4.3267554
1085 4.3273691
1086 4.3279827
1087 4.3285964
1088 4.32921
1089 4.3298236
1090 4.3304373
1091 4.3310509
1092 4.3316645
1093 4.3322782
1094 4.3328918
1095 4.3335055
1096 4.3341191
1097 4.3347327
1098 4.3353464
1099 4.33596
1100 4.3365737
1101 4.3371873
1102 4.3378009
1103 4.3384146
1104 4.3390282
1105 4.3396418
1106 4.3402555
1107 4.3408691
1108 4.3414828
1109 4.3420964
1110 4.34271
1111 4.3433237
1112 4.3439373
1113 4.344551
1114 4.3451646
1115 4.3457782
1116 4.3463919
1117 4.3470055
1118 4.3476191
1119 4.3482328
1120 4.3488464
1121 4.3494601
1122 4.3500737
1123 4.3506873
1124 4.351301
1125 4.3519146
1126 4.3525283
1127 4.3531419
1128 4.3537555
1129 4.3543692
1130 4.3549828
1131 4.3555964
1132 4.3562101
1133 4.3568237
1134 4.3574374
1135 4.358051
1136 4.3586646
1137 4.3592783
1138 4.3598919
1139 4.3605056
1140 4.3611192
1141 4.3617328
1142 4.3623465
1143 4.3629601
1144 4.3635737
1145 4.3641874
1146 4.364801
1147 4.3654147
1148 4.3660283
1149 4.3666419
1150 4.3672556
1151 4.3678692
1152 4.3684829
1153 4.3690965
1154 4.3697101
1155 4.3703238
1156 4.3709374
1157 4.371551
1158 4.3721647
1159 4.3727783
1160 4.373392
1161 4.3740056
1162 4.3746192
1163 4.3752329
1164 4.3758465
1165 4.3764602
1166 4.3770738
1167 4.3776874
1168 4.3783011
1169 4.3789147
1170 4.3795283
1171 4.380142
1172 4.3807556
1173 4.3813693
1174 4.3819829
1175 4.3825965
1176 4.3832102
1177 4.3838238
1178 4.3844375
1179 4.3850511
1180 4.3856647
1181 4.3862784
1182 4.386892
1183 4.3875056
1184 4.3881193
1185 4.3887329
1186 4.3893466
1187 4.3899373
1188 4.3905169
1189 4.3910964
1190 4.3916759
1191 4.3922554
1192 4.3928349
1193 4.3934145
1194 4.393994
1195 4.3945735
1196 4.395153
1197 4.3957325
1198 4.396312
1199 4.3968916
1200 4.3974711
1201 4.3980506
1202 4.3986301
1203 4.3992096
1204 4.3997892
1205 4.4003687
1206 4.4009482
1207 4.4015277
1208 4.4021072
1209 4.4026868
1210 4.4032663
1211 4.4038458
1212 4.4044253
1213 4.4050048
1214 4.4055843
1215 4.4061639
1216 4.4067434
1217 4.4073229
1218 4.4079024
1219 4.4084819
1220 4.4090615
1221 4.409641
1222 4.4102205
1223 4.4108
1224 4.4113795
1225 4.4119591
1226 4.4125386
1227 4.4131181
1228 4.4136976
1229 4.4142771
1230 4.4148567
1231 4.4154362
1232 4.4160157
1233 4.4165952
1234 4.4171747
1235 4.4177542
1236 4.4183338
1237 4.4189133
1238 4.4194928
1239 4.4200723
1240 4.4206518
1241 4.4212314
1242 4.4218109
1243 4.4223904
1244 4.4229699
1245 4.4235494
1246 4.424129
1247 4.4247085
1248 4.425288
1249 4.4258675
1250 4.426447
1251 4.4270265
1252 4.4276061
1253 4.4281856
1254 4.4287651
1255 4.4293446
1256 4.4299241
1257 4.4305037
1258 4.4310832
1259 4.4316627
1260 4.4322422
1261 4.4328217
1262 4.4334013
1263 4.4339808
1264 4.4345603
1265 4.4351398
1266 4.4357193
1267 4.4362988
1268 4.4368784
1269 4.4374579
1270 4.4380374
1271 4.4386169
1272 4.4391964
1273 4.439776
1274 4.4403555
1275 4.440935
1276 4.4415145
1277 4.442094
1278 4.4426736
1279 4.4432531
1280 4.4438326
1281 4.4444121
1282 4.4449916
1283 4.4455711
1284 4.4461507
1285 4.4467302
1286 4.4473097
1287 4.4478892
1288 4.4484687
1289 4.4490483
1290 4.4496278
1291 4.4502073
1292 4.4507868
1293 4.4513663
1294 4.4519459
1295 4.4525254
1296 4.4530796
1297 4.4536099
1298 4.4541401
1299 4.4546703
1300 4.4552006
1301 4.4557308
1302 4.4562611
1303 4.4567913
1304 4.4573215
1305 4.4578518
1306 4.458382
1307 4.4589123
1308 4.4594425
1309 4.4599727
1310 4.460503
1311 4.4610332
1312 4.4615634
1313 4.4620937
1314 4.4626239
1315 4.4631542
1316 4.4636844
1317 4.4642146
1318 4.4647449
1319 4.4652751
1320 4.4658054
1321 4.4663356
1322 4.4668658
1323 4.4673961
1324 4.4679263
1325 4.4684566
1326 4.4689868
1327 4.469517
1328 4.4700473
1329 4.4705775
1330 4.4711077
1331 4.471638
1332 4.4721682
1333 4.4726985
1334 4.4732287
1335 4.4737589
1336 4.4742892
1337 4.4748194
1338 4.4753497
1339 4.4758799
1340 4.4764101
1341 4.4769404
1342 4.4774706
1343 4.4780009
1344 4.4785311
1345 4.4790613
1346 4.4795916
1347 4.4801218
1348 4.480652
1349 4.4811823
1350 4.4817125
1351 4.4822428
1352 4.482773
1353 4.4833032
1354 4.4838335
1355 4.4843637
1356 4.484894
1357 4.4854242
1358 4.4859544
1359 4.4864847
1360 4.4870149
1361 4.4875452
1362 4.4880754
1363 4.4886056
1364 4.4891359
1365 4.4896661
1366 4.4901964
1367 4.4907266
1368 4.4912568
1369 4.4917871
1370 4.4923173
1371 4.4928475
1372 4.4933778
1373 4.493908
1374 4.4944383
1375 4.4949685
1376 4.4954987
1377 4.496029
1378 4.4965592
1379 4.4970895
1380 4.4976197
1381 4.4981499
1382 4.4986802
1383 4.4992104
1384 4.4997407
1385 4.5002709
1386 4.5008011
1387 4.5013314
1388 4.5018616
1389 4.5023918
1390 4.5029221
1391 4.5034523
1392 4.5039826
1393 4.5045128
1394 4.505043
1395 4.5055733
1396 4.5061035
1397 4.5066338
1398 4.507164
1399 4.5076942
1400 4.5082245
1401 4.5087547
1402 4.509285
1403 4.5098152
1404 4.5103454
1405 4.5108757
1406 4.5114059
1407 4.5119361
1408 4.5124664
1409 4.5129966
1410 4.5135269
1411 4.5140571
1412 4.5145873
1413 4.5151176
1414 4.5156478
1415 4.5160536
1416 4.5162921
1417 4.5165305
1418 4.516769
1419 4.5170074
1420 4.5172459
1421 4.5174843
1422 4.5177228
1423 4.5179612
1424 4.5181997
1425 4.5184381
1426 4.5186766
1427 4.518915
1428 4.5191535
1429 4.5193919
1430 4.5196304
1431 4.5198688
1432 4.5201073
1433 4.5203457
1434 4.5205842
1435 4.5208226
1436 4.5210611
1437 4.5212995
1438 4.521538
1439 4.5217764
1440 4.5220149
1441 4.5222533
1442 4.5224918
1443 4.5227302
1444 4.5229687
1445 4.5232071
1446 4.5234456
1447 4.523684
1448 4.5239225
1449 4.5241609
1450 4.5243994
1451 4.5246378
1452 4.5248763
1453 4.5251147
1454 4.5253532
1455 4.5255916
1456 4.5258301
1457 4.5260685
1458 4.526307
1459 4.5265454
1460 4.5267839
1461 4.5270223
1462 4.5272608
1463 4.5274992
1464 4.5277377
1465 4.5279761
1466 4.5282146
1467 4.528453
1468 4.5286915
1469 4.5289299
1470 4.5291684
1471 4.5294068
1472 4.5296452
1473 4.5298837
1474 4.5301221
1475 4.5303606
1476 4.530599
1477 4.5308375
1478 4.5310759
1479 4.5313144
1480 4.5315528

